110000001000001100000011000000
111000010011110111010010110100
011100011111011100110011100101
011100011101001100110011110101
000111001111100100110110100111
000111001100000100100010101101
001111001100010100100010111101
000100000000000101000010111100
000101000100001110110110111011
010111100000100110001000001111
001111110000000010011000011101
001111101000001111110101111100
101110001000001111110011110110
000110000000001111010010111001
101100001100001110101111101111
111101001100001110111110101001
111101001100000111101010101001
111101001100001110111011101101
011101000100000010000111110011
011101000100001110001110100011
011101001100001110011111010101
